#!/usr/bin/perl
use Modern::Perl;


__DATA__
Arg-C proteinase	32	38 43 46 49 57 60 77 85 86 111 153 156 199 224 236 273 275 278 361 376 379 382 400 429 447 465 492 504 507 511 517 548
Asp-N endopeptidase	15	47 69 132 148 160 175 177 187 270 307 344 370 442 496 537
Asp-N endopeptidase + N-terminal Glu	39	47 53 66 69 70 73 88 132 148 149 160 175 177 187 196 221 226 236 254 270 296 307 344 351 352 358 364 370 442 463 465 496 508 518 519 537 539 540 550
BNPS-Skatole	4	34 172 344 413
CNBr	6	1 9 23 396 423 480
Chymotrypsin-high specificity (C-term to [FYW], not before P)	51	11 12 13 16 19 27 34 47 53 68 69 76 98 106 113 125 129 132 137 157 172 174 185 187 203 211 228 245 285 301 314 322 330 338 344 348 355 373 404 412 413 422 441 457 470 473 503 521 524 533 536
Chymotrypsin-low specificity (C-term to [FYWML], not before P)	105	1 9 10 11 12 13 16 17 18 19 20 23 26 27 34 42 47 50 53 56 68 69 76 93 98 99 104 106 108 113 116 125 129 132 137 151 157 172 174 185 187 196 203 204 205 211 212 213 221 228 229 230 245 248 252 253 257 283 285 286 301 314 322 330 338 344 348 351 355 358 369 373 383 391 396 403 404 409 412 413 418 422 423 427 441 445 446 450 451 456 457 460 470 473 480 483 491 499 503 513 521 524 528 533 536
Clostripain	32	38 43 46 49 57 60 77 85 86 111 153 156 199 224 236 273 275 278 361 376 379 382 400 429 447 465 492 504 507 511 517 548
Formic acid	15	48 70 133 149 161 176 178 188 271 308 345 371 443 497 538
Glutamyl endopeptidase	24	54 67 71 74 89 150 197 222 227 237 255 297 352 353 359 365 464 466 509 519 520 540 541 551
Hydroxylamine	2	349 436
Iodosobenzoic acid	4	34 172 344 413
LysC	17	148 158 201 202 210 226 235 268 287 326 362 386 461 474 487 514 527
LysN	17	147 157 200 201 209 225 234 267 286 325 361 385 460 473 486 513 526
NTCB (2-nitro-5-thiocyanobenzoic acid)	7	13 44 77 120 172 355 467
Pepsin (pH1.3)	148	6 9 10 10 11 11 12 12 13 15 16 16 17 17 18 18 19 25 26 26 27 33 41 42 47 50 52 55 67 68 68 69 75 76 92 93 95 98 104 105 106 107 108 112 115 116 118 124 125 128 131 136 137 157 165 171 172 174 184 185 186 187 195 202 205 210 211 211 213 220 227 229 229 230 244 245 247 248 251 252 252 253 256 257 282 283 284 285 285 300 313 314 321 322 329 337 338 343 344 347 348 350 351 354 355 357 358 372 383 391 403 403 404 408 411 413 421 422 440 441 444 445 450 450 451 456 457 459 460 469 470 472 473 490 491 498 499 502 503 512 520 521 523 528 532 533 535 536
Pepsin (pH>2)	113	6 9 10 10 11 12 13 15 16 16 17 17 18 18 19 25 26 26 27 41 42 47 50 52 55 68 69 75 76 92 93 95 104 107 108 112 115 116 118 124 125 128 131 136 137 157 165 186 187 195 202 205 210 211 211 213 220 227 229 229 230 244 245 247 248 251 252 252 253 256 257 282 283 284 285 285 347 348 350 351 354 355 357 358 383 391 403 408 411 440 441 444 445 450 450 451 456 457 459 460 472 473 490 491 498 499 512 520 521 523 528 532 533
Proline-endopeptidase [*] 	1	288
Proteinase K	223	2 3 4 6 10 11 12 13 15 16 17 18 19 24 26 27 32 34 42 47 50 52 53 56 59 63 65 66 68 69 76 79 81 83 84 87 88 93 94 95 98 101 103 104 105 106 107 108 113 114 116 117 118 123 124 125 129 132 137 138 146 147 154 157 162 163 164 165 167 169 170 172 174 179 181 182 183 184 185 186 187 189 193 196 203 204 205 206 211 212 213 214 218 221 228 229 230 231 244 245 248 250 252 253 256 257 259 263 264 276 277 279 283 285 286 289 290 294 296 300 301 304 306 309 311 312 314 316 320 322 324 328 330 338 340 344 348 351 355 358 360 364 370 372 373 377 380 381 383 388 390 391 393 394 398 399 401 403 404 407 408 409 412 413 415 417 420 421 422 424 428 430 432 433 439 440 441 444 445 450 451 452 453 457 458 459 460 463 470 471 473 475 481 484 485 488 490 491 493 494 496 498 499 500 502 503 505 510 513 521 523 524 525 528 529 531 533 536 539 542 546 547 549
Staphylococcal peptidase I	21	54 67 71 74 89 150 197 222 227 237 255 297 352 359 365 464 466 509 519 540 551
Thermolysin	163	1 8 9 10 12 14 15 16 17 18 22 23 25 26 41 46 49 51 52 55 58 62 64 68 75 80 82 83 86 87 92 93 102 103 104 106 107 112 115 122 124 128 131 136 137 146 153 156 162 163 166 168 169 180 181 182 183 185 186 192 195 202 203 204 205 210 211 212 213 217 220 228 229 230 243 244 247 249 251 252 256 258 262 263 275 276 278 282 284 285 288 289 295 299 303 310 315 323 339 347 350 354 357 363 369 376 379 382 389 390 392 393 395 397 400 402 406 407 408 411 414 416 419 420 422 423 427 429 431 432 439 440 444 449 450 451 456 457 458 459 462 470 472 479 480 483 484 489 490 492 495 498 499 501 504 512 522 523 527 532 545 546 548
Thrombin	1	111
Trypsin	48	38 43 46 49 57 60 77 85 86 111 148 153 156 158 199 201 202 210 224 226 235 236 268 273 275 278 326 361 362 376 379 382 386 400 429 447 461 465 474 487 492 504 507 511 514 517 527 548
